2026 1 29 15:07:25
2026 1 29 15:19:46
2026 1 29 16:29:35
2026 2 1 15:53:53
2026 2 8 23:24:31
2026 2 16 23:39:09
2026 2 25 08:15:36
2026 2 26 16:22:59
2026 2 26 16:34:20
2026 2 27 15:59:52
2026 2 27 15:59:58
2026 2 27 16:14:36
2026 3 26 17:58:08
2026 3 30 12:05:06
2026 4 11 19:24:50
2026 4 14 22:53:26
2026 4 26 17:53:24
2026 4 29 12:58:43
2026 4 29 12:58:48
2026 4 29 12:58:53
2026 5 9 23:18:17
2026 5 29 12:18:23
2026 6 11 23:13:16
2026 6 20 23:04:04
2026 6 30 21:12:35
2026 6 30 21:12:50
2026 7 12 11:53:56
2026 7 12 11:54:44
2026 7 30 16:43:30
2026 8 1 11:12:17
2026 8 11 10:32:48
2026 8 14 15:06:52
2026 8 20 21:00:50
2026 8 26 23:25:37